 0.1046728243019844
 0.0314829288710563
 0.2602761799738634
 -0.3955534453769534
 -0.100485641863498
 0.0739432873486883
 0.6017284148370683
 -0.5018412654947088
 0.5344321379553715
 0.1276743629398369
 0.4804353966985462
 -0.01558372919106995
 -0.03892976461769953
 0.1014756276199188
 0.3661733761306976
 -0.1641848120569185
 -0.6441984118184069
 0.2122978324829473
 -0.2623514442415085
 -0.4680440291445923
 -0.001055348023878308
 -0.3660976081564754
 0.2782070343298572
 0.5046644414814007
 0.4903109124457749
 -0.6107718016698973
 -0.2686386357738165
 -0.6750207194706694
 -1.08673858395618
 0.4519037049038099
 0.4517910571065993
 -0.1502877042981599
 0.1912489094055279
 -0.3354239821675105
 0.1862621659206887
 -0.5905887666811418
 -0.2217778015614128
 0.7963188760657043
 0.4459936106360482
 -0.2270251532687682
 -0.07779904743795146
 -0.3249604424814103
 -0.5606034336023317
 0.2058160722500572
 -0.4587448701580999
 -0.6886948304348135
 -0.3940009578496859
 0.4816917042764384
 0.003482588381396846
 -0.05255737491987871
 -0.002842342898629669
 0.746721995163369
 0.1427379765051279
 -0.3358256495961586
 -0.1956651662545109
 0.04573716849185844
 -0.443523207465634
 -1.102027926472647
 0.1618538757094738
 0.1158452507084291
 0.09897785484455685
 -0.5605469256030514
 -0.2969101288762498
 0.4873866524923134
 -0.09454295778934017
 -0.2759889462048393
 -0.1429946131643698
 0.1471897392095652
 -0.1009305785796176
 0.4385113855934621
 0.5314326622232972
 -0.7009248218457512
 -0.4258443800659325
 0.3658966936525626
 -0.5843110422552408
 0.6211558874742626
 -0.06872806825859609
 -0.16991409099242
 0.008215620539312856
 -0.07080715707410902
 -0.4775302318134168
 -0.5738287978975671
 -0.61637772144704
 0.03367017121721958
 -0.03255034556839974
 0.1123371847120296
 0.07501425574720959
 0.5442003240552759
 0.001381418025351125
 0.1964347786053827
 -0.0809384759800061
 0.05917445533495394
 -0.6280461791174476
 0.3680888746619868
 -0.1114253973705297
 -0.3151075881934178
 -0.05046138223156121
 -0.3182466764922792
 0.1447736869651447
 -0.1676630557060301
 0.2924194062687114
 0.3455377761401402
 -0.34266108073618
 -0.05178398841434177
 -0.3864136293254809
 -0.15392974948144
 0.4029614149113365
 0.06666493582450639
 0.6959218176824852
 -0.2895692215563138
 0.46187298803433
 -0.623741108776679
 0.6728865346691578
 -0.2077303112478861
 0.4504768206389107
 0.3193956818899918
 0.8219295460125837
 0.2564372725585663
 0.06841857554882939
 -0.6245710019143057
 0.04520127388815613
 -0.2659256173647751
 -0.2611999384766167
 -0.3077268978382813
 0.2927633668645064
 -0.07887843286698248
 -0.8831417224519917
 0.7137760916013396
 0.02176792889358846
 0.1825382740586193
 0.2989372549839948
 0.567915239749787
 -0.4648569001312043
 -0.2811065799216478
 0.1329895426747485
 0.9098329617470601
 -0.006865919377546034
 0.07534350411321993
 -0.1005209893537527
 -0.05065596259118972
 0.353478686178985
 -0.5340407287291272
 -0.03395729276305547
 0.30520238777958
 -0.8103889319690193
 0.6176593703677465
 -0.8679655174183384
 -0.5063358930088192
 -1.096735084574482
 -0.4554848965203774
 -0.4278013297015127
 0.9032476856950178
 -0.1115095357632792
 0.2202521698247514
 -0.2901934843769755
 0.1471725062733863
 0.2582759666235233
 0.02948247223453562
 -0.3001656162857911
 -0.1711601555790495
 -0.3992962628069758
 0.2073450826754753
 -0.1867755177668982
 -0.2776120032095646
 0.231469097309686
 0.2637976496064024
 0.02752074706606634
 0.1211589442585392
 0.2353316830111542
 -0.09868598236290642
 -0.1884948553788748
 -0.5696051186443341
 -0.1211936192803639
 -0.9127390678996072
 0.1652635501826147
 0.3731389989491189
 -0.2419398991210615
 0.5675786633864014
 -0.233817200744676
 -0.2213563777986359
 -0.01054294481940914
 -0.6352030867410419
 0.303216716263392
 -0.4610634211053841
 -0.4883023786818717
 0.2585879647432307
 0.05022519204114838
 0.0137151475475241
 -0.3661015840812309
 0.3764891635254552
 0.03089731608856265
 0.5269289241281311
 -0.3362782037629441
 0.2903579467541587
 0.1687786008003187
 -0.5428199472398602
 -0.1927019295644509
 0.1700637059330065
 0.3724986555781861
 -0.7733876210312615
 -0.3304873441162286
 0.4343688791517583
 0.2236583831727358
 -0.6116358856783303
 0.2252383964707096
 -0.3117730296531009
 -0.3352212199734554
 -0.511074339394562
 0.150735253425561
 -0.880139522113756
 -0.287424947739494
 -0.9629655928224103
 -0.4147050601000259
 -0.4145447758106083
 0.1687629831668824
 -0.02684717828849716
 -0.1463226747102407
 -0.102585274405648
 -0.380364323611195
 -0.3943241340466913
 0.1380715378629077
 0.06859144492670086
 0.460901827183611
 0.0314892707435117
 0.1971265035204696
 0.1888504297904985
 -0.1650402152139519
 1.052252980820584
 0.3463158564648758
 0.273700005538719
 -1.080057014165934
 0.0489734346736554
 0.3561944590461125
 0.2771616723701694
 -0.05180612458374528
 0.01601654854952857
 -0.4719071740646785
 0.2904489529362153
 0.09757913410905296
 -0.1593857560078973
 0.1819516442444328
 -0.1696334467748639
 0.7289024618549758
 -0.02293913947043873
 0.4225232663132742
 0.3030983987644668
 -0.08239013030780776
 -0.1384019820386837
 0.5737910735845959
 0.8742657136003954
 0.01839312302549646
 -0.0633676344131395
 0.1891958088046353
 -0.123509476214904
 0.05261800342634002
 0.1300873824534587
 -0.4840480616317014
 -0.1493207371545207
 -0.4778020488573351
 0.01597709270233996
 -0.9240096242232061
 -0.1272328346266574
 0.4347834127616243
 0.1350039974886364
 -0.05600533432890913
 -0.6095859321113776
 -0.5184594849003014
 -0.3016281575248431
 -0.06611036368075578
 -0.2532327433436352
 0.0529281547926696
 0.1781069698980885
 0.3443298531040123
 -0.1577133455295152
 0.2622486956394266
 1.039603444776007
 -0.1170305560781682
 -0.1041199554337264
 -0.09780822930933036
 0.2308636610898765
 0.5808338773950521
 0.786181923298697
 -0.2129752675937309
 0.3045317430076795
 0.03193549070769446
 0.1476519535703555
 -0.3510879826150821
 0.2939094594873644
 0.3713634345494679
 -0.3559871955381106
 -0.06874127430126098
 0.02519138264892135
 -0.2565199068387646
 0.07665951616178462
 0.118755424869927
 -0.3322308630199562
 -0.1822250180727391
 0.4660682042417026
 -0.3274138424912854
 -0.1466155894875369
 0.0646312557710117
 -0.1382158583870979
 -0.3564545876810359
 0.557306265171842
 1.247618180464418
 0.5582708983212771
 -0.03122667943327369
 -0.5994976524234416
 0.0510852338312817
 0.2584935141891189
 -0.01582233863799142
 -0.4533336278659022
 0.914877369153977
 0.1989176088360734
 0.2959507050127655
 0.0645826426905708
 -0.07752950654423642
 0.2528868012926058
 0.3769923269949591
 -0.3003381752099473
 -0.2976234022880735
 -0.771176673935095
 0.1603043171397974
 -0.3671284514439224
 0.4730048640861852
 -0.9882689171238486
 0.08734239302116475
 0.7408966494932351
 0.8567001704516157
 0.4766003999442731
 0.2546617231160044
 -0.005681846132146903
 0.4025696404590385
 -0.2847443601442544
 0.2275958389149311
 0.429812679761706
 0.3560772150196294
 -0.3095514454951656
 0.4161275733154837
 0.6868693538071066
 0.3206298781461594
 -0.1662867144126562
 0.2282429837736523
 0.06789453039415311
 -0.1233102816490667
 -0.2085778265830661
 0.2904222555894801
 0.4648532435976695
 0.1329611517479412
 -0.2868592154551329
 -0.4435553713018032
 -0.4523313030145762
 0.09238461692215548
 -0.5794868758564845
 0.3660710163229931
 -0.4359969221656249
 -0.1075560020533983
 0.3062002084119895
 -0.03110397110970326
 0.1484038341778186
 0.02274897662157915
 0.7609696995091422
 -0.1408097371315254
 1.002536416804398
 0.7574615204688325
 0.4672147014827213
 0.9918333802077685
 -0.346627831478551
 -0.0988677982878432
 0.7687438761500878
 0.5162756163078238
 -0.1634752034556324
 -0.09341297300356251
 -0.1460975199177683
 0.4366198997254019
 1.12600638714222
 0.1051236077711561
 0.3417028903525705
 0.1167345370972032
 -0.2008973247246299
 -0.3613600491615973
 0.3422525333466788
 -0.0973715584405617
 0.03718429800355862
 -0.8665401825970896
 0.596421006538156
 0.2871654795877077
 -0.2927389323232971
 -0.05120057759993207
 -0.1368623939696767
 0.01211980778333074
 -0.06326369429655739
 0.5779163837565872
 0.4129292737813333
 -0.2558179647159758
 -0.1587987912238049
 0.07295049110777969
 -0.1382351797964923
 0.3793101362712418
 0.008791287095480478
 0.1983734388361736
 -0.353436320902471
 -0.2042673377282981
 0.06430550899593812
 -0.1853321464075626
 0.2701940665549035
 0.3022890003607869
 0.392919719523519
 0.222318192404112
 -0.1508026711577913
 0.08244899267716183
 -0.3238259967837231
 0.517908556748694
 -0.3535551449020908
 0.5663632422308684
 -0.118884888452825
 0.220991420952719
 -0.1685413039598995
 0.08347741161957123
 -0.01627249611148096
 -0.1330689595743626
 0.3202929766475825
 -0.6709106675090194
 -0.02102571383661948
 -0.4293484598762994
 0.04072180437859999
 -0.2722311719340107
 0.1336670212353171
 0.5230722581127735
 -0.2717764035776907
 -0.09755619492048194
 0.03647872756271477
 0.1212774896121597
 0.1674160155102754
 -0.4086818345766002
 0.4420968838626353
 -0.4335239237092458
 -0.2407526944403815
 -0.4069135532030265
 0.116908518253112
 -0.3505040557704689
 0.866395573143856
 -0.03900770107188165
 -0.2704245130764235
 0.3256608065967043
 0.1466849826901549
 -0.3112117640554313
 -0.2662750813125758
 -0.6361040107831671
 0.02447031899969975
 0.1842115253687391
 -0.007860689478958715
 0.2203232408178989
 0.660182623428517
 0.1554198477901207
 0.1608542465669605
 -0.3052837963963465
 0.02635688948257131
 -0.01234946885603698
 0.4097419466744814
 0.6369811188435512
 -0.2404824027381366
 0.04267648996291775
 -0.2442999827191765
 -0.06970587338354337
 -0.3888500559740628
 -0.04759099240706013
 -0.1655713785169273
 -0.2593114117180154
 0.07961310184751569
 -0.1366598541518768
 0.1852754445253215
 -0.365467840138763
 0.354177264049638
 -0.2448279104379471
 0.04748514397380407
 -0.9690702039600734
 -0.6533221261024358
 -0.03438104680842686
 0.2487404153339747
 -0.497735277933972
 -0.5479858572426602
 -0.4371751172478719
 0.09088029132569915
 -0.4909402357527453
 -0.004170450875996871
 -0.1199841189949933
 0.2603182538299227
 0.3550321342159969
 0.5718831713594217
 -0.4124554245198081
 0.07371936628641187
 0.8006589810521235
 -0.3060225833645107
 -0.6541139079423423
 0.7689037040757226
 0.3070449732520607
 0.536134593232814
 0.3528514282370132
 -0.5725373971504172
 -0.03654213991916706
 -0.2821529331318376
 0.365938148820984
 0.1981489766463681
 -0.8100957831301854
 -0.3923154273272701
 0.6113003259604229
 -0.4561598185169284
 -0.1407252604651751
 0.4271907324417641
 -0.106973993419192
 0.02872166925518802
 1.009190947830795
 -0.1598279114893381
 0.3052444856928616
 -0.2810674736185035
 0.03951970294202763
 0.3974314462309509
 0.6984425924644962
 -0.6026092728565484
 0.1731739591423395
 0.2260848678640671
 -0.2212830307593314
 -0.430425719127069
 0.1525291931871126
 -0.1070579475556543
 0.03097449866045857
 0.08136499285087354
 -1.261031414258197
 -0.5594864615642339
 0.04346816165417949
 -0.3483942109392862
 0.2431334068648118
 -0.5616632007694599
 0.2754406204865119
 -0.2535163895781987
 0.5403874603216381
 0.01275691553965168
 0.2678096322773773
 -0.1661275246468356
 -0.2245679887440022
 0.342366458014233
 0.7531345175440785
 -0.09164989893666267
 0.79219130433337
 -0.1099154251776138
 0.1250099897519162
 -0.6323074086910999
 0.02733882091723737
 0.1573885095913485
 -0.9187387592542807
 -0.001758152703053052
 -0.7805731278244409
 -0.3842876923203296
 0.5039150427102242
 0.3120646950343203
 -0.01575254338066509
 -0.2945593662204302
 -0.7961243096967385
 0.2131247933974423
 0.02723483106133507
 -0.1530452285946124
 0.4273418126127165
 -0.3910194705056519
 0.1169552606652029
 -0.3533785477879943
 -0.3552161175091746
 0.45853449712422
 -0.083142253305588
 -0.07529101703711556
 0.5617460544022391
 0.009417622641768722
 -0.8112187980561539
 0.4589703071782283
 -0.09039876771361358
 -0.3581379640747052
 0.1896493207464797
 -0.05847608515275052
 0.9187844971306431
 -0.1544082016771492
 0.3199964378258991
 0.2220829569204904
 -0.09174077176191664
 -0.8052627442263824
 -0.7787001527992813
 0.570918416916655
 0.4130816196413158
 -1.024695770714536
 -0.5488362481032594
 0.2885001976755569
 0.443613114152215
 -0.02926165604503292
 0.01918947317775345
 -0.4015283832673646
 0.02231117590428568
 0.5457511298930098
 0.1507336259680205
 -0.06542348269840216
 0.02255121414322648
 -0.3751392630009767
 0.6607675080287845
 0.1112910516244922
 0.06322800032749176
 -0.4872157961862732
 1.055307787077027
 -0.298971272341531
 0.1803044925195354
 -0.530847334408727
 0.152279735682174
 0.184023514934832
 0.6525991267101307
 -0.1609983104826413
 0.1440751527658246
 -0.3076195030961245
 0.2660789058533664
 0.1130315154962261
 -0.715944344631979
 0.1893807295282373
 0.1124399607020439
 0.877184890670464
 0.163337803753917
 -0.8715652271098681
 -0.1056095744877378
 -0.2054416610923906
 0.6039905942339232
 -0.08898852791226447
 0.173660054271446
 -0.0203280504765449
 -0.1589680104611633
 -0.4225354557884896
 0.06642659657948162
 -0.1497325410687144
 0.3318954940927806
 -0.4544382292541609
 0.4438905950334487
 -0.07017540692482097
 -0.1071004408331957
 -0.3810539021088434
 0.3934581789043315
 0.02454460915403445
 0.6499056897479749
 0.1768436109992047
 0.1573508498886552
 -0.202189274920873
 0.9234191417067352
 -0.7955157800328718
 0.5172406010795885
 0.09051775748762857
 -0.05557405354740064
 0.1942167621025245
 -0.1970604946355692
 -0.2291400944621963
 0.4068377657147169
 0.0553295643932435
 -0.5848924528131108
 -0.5028218134408281
 0.04749895700708143
 -0.4781284014690293
 -0.6557613682272387
 0.3264415133548025
 0.005961684440912708
 -0.3947637182893604
 0.1944575155529814
 -0.3555682203723006
 -0.3655313179356145
 0.07702470169504123
 -0.0439471310839858
 0.5812744017642687
 0.19338667959523
 -0.274802631857792
 -0.7904179499921431
 -0.1443427818404858
 -0.627650466186021
 0.01879664441796422
 -0.3418672500097156
 -0.462893461590017
 -0.5316721482387474
 -0.0370934274577268
 0.3615937126154983
 -0.4346193435219144
 0.3180193479687116
 -0.5414353589940908
 0.03278358351601304
 -0.07286876184924433
 -0.02920603019516398
 -0.2213492942150957
 0.5074564032024395
 0.3174422696889403
 0.4835545135146133
 -0.05946445882739438
 0.4379750532819503
 -0.09621511152768879
 0.5240812125806554
 0.5153559252514999
 -0.1130046867237546
 -0.03417255868712928
 -0.3612432326533252
 -0.7431800547480891
 0.3259464529774498
 0.00189501983035317
 0.6537081886673035
 0.5993704542902784
 -0.08804361826658083
 -0.1879324736429237
 0.02265036621675046
 0.0785377556836183
 -0.5664513692560347
 0.9111048716097779
 -0.1910306129951984
 -0.2473575444319245
 0.5386941265430704
 0.03303065684321992
 0.4153799155069307
 -0.07692412437518414
 0.4739910746870445
 -0.03343408170223439
 -0.4690847636934369
 0.3169888498234809
 -0.07213930604461405
 0.2513600870309224
 1.201356646488561
 -0.2037142332212732
 -0.9475914459039786
 -0.2448860183639929
 -0.4441660325172505
 0.02905939938504232
 -0.108013247657042
 -0.5391095350067951
 0.1501903488883125
 -0.7513590539224162
 0.226863429379727
 0.4602583004241043
 -0.1402993810248107
 0.6632857499707827
 0.7120185970316915
 0.3353543693773061
 -0.069379949594244
 0.2860487606224411
 -0.3779931842803858
 -0.3527445293711675
 -0.05986605446392512
 0.08534426557663692
 0.199627909369019
 0.3488163898741558
 0.08649385626042159
 0.3430190622648264
 -0.6421161030751553
 0.2637989726754719
 -0.9495608320553579
 -0.4645337584480445
 0.3952597369143345
 0.5409266024822582
 -0.2971760492459738
 0.1850998350280992
 -0.4246448715038748
 -0.3752295407193615
 -0.4334173028046427
 0.6487445568056716
 1.215414607162732
 -0.588451691981894
 -0.3426826717209265
 0.8586467023385128
 -0.4447223076862969
 0.7703190337353002
 0.02879287832414957
 0.07125330866473008
 0.2345537268444038
 -0.6677615189633787
 0.09529372866256887
 0.04018969682170223
 0.3809490010885292
 0.5596650180080787
 -0.09892273287802716
 -0.3785475519490989
 -0.01911912088827691
 -0.1045966763000467
 -0.3644977599167406
 -0.07052959029326965
 -0.5888715475098488
 -0.6191145358163873
 0.441198340340012
 -0.7482562167972301
 0.3085847413839084
 0.1821050132581465
 0.03814029750576599
 0.2090272426166812
 -0.02839006971964499
 0.06047638314449611
 0.2455539746818129
 0.3393596993605805
 0.7598785738314466
 -0.2037925376993586
 0.07306835480992159
 0.1518912552537675
 0.347478433503579
 0.1667548529433221
 -0.8088126411385044
 0.1349418697451528
 0.0413767525347665
 -0.2918105932972955
 -0.7793237813385676
 0.226418644157596
 -0.6078397547659992
 -0.0966989284720553
 -0.1358666424189106
 -0.5413183047355214
 -0.5072609697668656
 -0.7798740201748749
 -0.149126092606022
 0.006211344264852227
 -0.4924318184249933
 0.09531467193765987
 -0.3392301315502213
 -0.4387996137245432
 0.803155405250403
 0.2734703162278766
 -0.6193713300231277
 -0.2701443109709458
 0.3961093617241837
 -0.64858956142985
 0.3555959893076553
 -0.3274654200700395
 -0.4201252454103733
 0.02400957919607017
 -0.2415165899972274
 -0.1752139532029083
 -0.5684145978873366
 0.3520740941026398
 -0.6356152949970498
 0.4516147903594652
 -0.4861152651744677
 -0.4579391677904762
 0.2248501479696492
 -0.04584610226608225
 0.4971423632871285
 -0.3483219259056113
 0.5301838675621507
 0.06882872034237504
 -0.4271834586889121
 0.3189598550849241
 -0.1622348939212038
 -0.07987559832352228
 -0.04507435426960892
 -0.2510696878120072
 -0.3456333208248472
 0.06680105825068941
 -0.5094080158847981
 -0.08285178952575147
 0.3773533068583798
 0.1115129201486573
 -0.1316169173400041
 -0.1717316984760488
 -0.6500101187941651
 0.1475678447501036
 -0.2945809299126542
 0.1293791484439144
 -0.3522185404792296
 0.1703004189244485
 0.5512934325654257
 -0.2986579947369329
 -0.3111268269700222
 -0.1823094351139055
 -0.08023391576083037
 -0.0755805504989665
 -0.607717281463783
 -0.5740442278403857
 0.1738890301884355
 -0.390914605153918
 -0.1732793739185174
 -0.3881404832665313
 -0.3744344556098005
 -0.4756592906258018
 -0.102142019738552
 0.2698196019739091
 -0.106974523281889
 0.5358741067359437
 0.65163146454455
 0.8050092083948475
 0.07916132644619712
 -0.1196495942852775
 -0.2977959393256332
 0.3427308552126723
 0.08742906631706453
 -0.01457300694004707
 0.348705992771206
 0.5533303555087725
 0.5376963548121839
 -0.2722893055790703
 0.569481995412363
 0.302093206605339
 -0.09502926757568851
 -0.6313293408776601
 -0.2596628880310984
 0.7493426518147381
 0.2907940101405454
 0.04147973751846476
 -0.2019356082690472
 1.258261042077794
 -0.5461771654313518
 -0.02508678318238496
 -0.6033520237682645
 -0.1406115330243712
 -0.06174827988672531
 0.1444148467909295
 0.05373516293061612
 0.6454867241132742
 0.006591319966239976
 -0.4948856795822657
 -0.4625411248324597
 0.4212825258618059
 0.4439794678236562
 0.385979170837309
 0.06473670688967494
 0.6474997592623331
 0.1912171213583762
 -0.6707358639581164
 0.2693746011390609
 0.4839725538758312
 0.4214388035974224
 0.5360579731147243
 0.5134884478757222
 -0.3285863715988872
 -0.1103775119288987
 -0.4148673684134497
 -0.1883253276028244
 0.7266442495252693
 -0.1601799654331861
 0.3261666281932056
 0.1421118696871261
 -0.2879072320319112
 -0.04542464627901953
 -0.5423428697722732
 0.3437962224904244
 0.06610008478758282
 -0.3716997668688685
 0.2588022901837889
 0.2117213899837611
 -0.2056265764331848
 -0.7152841752324776
 -0.2681650284281561
 -0.3603445992597502
 0.0620917129628558
 -0.8210467408374496
 0.3050386115633291
 0.1777278517955477
 -0.2658087571141521
 -0.6131073428551241
 -0.3722055157191938
 -0.1436108704748891
 0.01966756925795957
 0.3495329012278595
 -0.02121688166921643
 -0.4449773434239714
 0.07016047401974826
 0.1208416710491063
 0.142455398744613
 -0.06577195509560155
 0.06904320283874449
 -0.3212316257703488
 -0.3569440237940044
 -0.2545307036369947
 -0.04257435532302141
 -0.1396878719175089
 -0.4153850174763917
 -0.09683187857353716
 -0.2144644112910199
 0.6316826603253963
 -0.3264515830298184
 -0.2814062570580485
 0.01635868097451881
 -0.135282537525303
 -0.2243120184187291
 -0.7943810207284639
 0.3481989132750585
 -0.03135882979683849
 -0.1107418185928882
 0.3077819001499918
 -0.5789878043946746
 -0.3421574298807434
 0.05655973029307424
 -0.9234265188362594
 0.5602962145133994
 -0.01272777641877946
 -0.4110698552391669
 0.04712214780877966
 0.08780606878765229
 0.1080619711643553
 0.4757264393314922
 0.6336584786198303
 0.1959031638156256
 0.4161640306761815
 -0.01630543271280054
 -0.4698725450825083
 -0.09581770265018991
 -0.6597384473701052
 -0.1165944654029534
 -0.2019306192899385
 -0.2522448738192956
 0.1614101811446615
 -0.6453938883953839
